%YAML:1.0
---
camera_mat: !!opencv-matrix
   rows: 3
   cols: 3
   dt: d
   data: [ 6.6304441954410981e+02, 0., 2.3738168438705821e+02, 0.,
       5.2785444273489270e+02, 1.1687018112289392e+02, 0., 0., 1. ]
dist_coeffs: !!opencv-matrix
   rows: 1
   cols: 5
   dt: d
   data: [ 1.3045158053658454e-02, -6.0942617035948110e-03,
       -3.3884933660135270e-03, 3.1919199093782213e-03,
       -8.1975243942256443e-02 ]
